0.4480826383300934
0.5349910492817519
0.5037964144926135
0.5447277935245881
0.4160395641432317
0.5040230098443798
0.4499476025951877
0.5170254420379536
0.3911130109494718
0.3646223991897382
0.363176793042496
0.5142015583594874
0.5464399623695909
0.440561057044383
0.49389562216394006
0.6192269408195759
0.4703810099889794
0.40985895135566186
0.515375759438991
0.4983039101764226
0.4614190851582379
0.5265707977511933
0.508047046867092
0.49995935782790607
0.4471764545894334
0.4429948399708507
0.5089605557792324
0.37540181537868356
0.5328531279851372
0.5096409087320771
0.49595790678896384
0.4841490476321195
0.45569969314027586
0.611057983340573
0.5381724957800925
0.508232236764946
0.4408212053869371
0.40738924391434445
0.5027801469443137
0.43831588491152257
0.4026855540263497
0.5182383356960188
0.4822961394206445
0.5514787502161037
0.40283489786015236
0.46008587937064765
0.43377687543952376
0.5156092966892974
0.48290017675418456
0.4391770047543277
0.5167712409242701
0.41296672083755853
0.5006706256399719
0.38589399595397667
0.4264453015990874
0.34825014951804006
0.48771682896334556
0.46083131938298
0.4521905707130974
0.5177069959321994
0.4179281413193054
0.4975773453452745
0.4631861296769764
0.5522660775757505
0.4915157770235962
0.43341279269189936
0.5240078295573302
0.3446800749105769
0.37354415771651195
0.553853949329381
0.407567235393779
0.5381588076017696
0.3962728931384851
0.49797482441460805
0.47174252251605964
0.3964302143337091
0.4610873421368146
0.4961874399993104
0.43152550291295033
0.4295500662349165
0.5176896078604372
0.5725146269645865
0.5637935632722992
0.4352720893927029
0.32337485753331224
0.4600873558368653
0.5779515101468321
0.5059828832176818
0.5784532756715249
0.42288112717239756
0.4961378270974775
0.5307351884023713
0.3992117160641062
0.5059934856510141
0.44893801020450014
0.4502803445568964
0.4650944062041444
0.4101760969705226
0.48807707105540993
0.5313419224587089
0.49572782984783714
0.5042554533687902
0.4483778113899735
0.6143087309126491
0.48908012719385563
0.4704568042607129
0.4498401407496462
0.4697970830138678
0.40526176064777353
0.4452827361679807
0.45882467547714795
0.45106171284823193
0.3264882639616022
0.4954652765916008
0.4185168291487497
0.5347184633717962
0.5215375099240197
0.4974287094691148
0.39012471456652603
0.4459433429648804
0.5132299510283663
0.5191290761345982
0.5375023983763437
0.5406692845628188
0.5041949791395244
0.5132752524517811
0.42012778561860803
0.5550420776363715
0.5813178108837113
0.44366875393109484
0.535219638258191
0.5660548885923896
0.5097297857055939
0.428545159101615
0.5003461789488243
0.44717878813622586
0.4168040840304912
0.5297993670567859
0.4398877401531715
0.4612529257460512
0.47626811072596736
0.5088149277703639
0.5131205032645217
0.49610706842786484
0.3826486844550215
0.5417677840923352
0.4991938441232755
0.4937347972457781
0.46174343171720644
0.5649579473721631
0.377146349159805
0.47911261378691555
0.42949193880179637
0.47694476152051973
0.29325565356508976
0.5048792656191528
0.366811154541292
0.40828530712705424
0.5162620535828728
0.49451504387763484
0.4794099212142482
0.4277755574392133
0.43103366745224236
0.4938042158871083
0.3132669352644811
0.5171240673962129
0.43746612684469327
0.572916550577919
0.5311186773364075
0.450279666138712
0.4272076492268238
0.4277233781830372
0.4739308491413777
0.5574576549030216
0.4414120175483303
0.45121351156665584
0.45936629424627223
0.41826937909383416
0.4008462325952606
0.3914620108785332
0.5450121017627262
0.46274313536835227
0.6198133082880027
0.401159651817424
0.5711861628448142
0.45884237252131577
0.34085898167700956
0.5016616455344756
0.40765541604869177
0.5001052067332309
0.4916533620190944
0.4855968851081141
0.42525978596686637
0.4748547961102991
0.5152322405345501
0.3547017412485363
0.404792342632011
0.40718300799413454
0.5048966389363421
0.5121070912039422
0.4483736605701701
0.5258100851570213
0.5570471291012038
0.48185842937073214
0.3905302646564999
0.42366652969110635
0.4632941824862274
0.5618893741089098
0.4979085624203796
0.5040805064994612
0.6733643377606225
0.391636049029297
0.471786358999249
0.3483167881229225
0.4375587352876593
0.3575338640254259
0.40799745559273687
0.49511943355446086
0.3592508452128071
0.44285516947460085
0.47266212114307066
0.4977412617130925
0.4943025892896094
0.4348065425167344
0.42201683590843514
0.438163992529653
0.43186404306066634
0.4073126693728402
0.526463961893928
0.5548278204889331
0.4409460036898063
0.32183789957231157
0.5194665804033922
0.4682243595389102
0.48462138061047505
0.5385217260963651
0.5053478537628658
0.5180933029106728
0.5605397826056283
0.5052623315435076
0.5111927242687969
0.5502069926982993
0.5076178426945581
0.39667189691632854
0.4798732235482583
0.37853630358899176
0.40118897973596046
0.3288306611024039
0.34309987935937714
0.4081040861886171
0.5112320670198632
0.5878274776268892
0.5459333172869922
0.3688658890475019
0.4089840485654981
0.4266889544766162
0.4386510947352121
0.5565682908756426
0.4271825756710981
0.50653230091181
0.3816201992194957
0.41726455336797924
0.5103163938258206
0.5379924491398234
0.5356174554103549
0.4638044701284056
0.3590533453857985
0.5549740054468268
0.5280341328241257
0.42954533551866975
0.49240703275313585
0.3680965329001345
0.3788560926550075
0.4578273049381605
0.47668471489949577
0.4702912186588881
0.3845689496040469
0.4429404536541881
0.39102785286657227
0.5310405313816751
0.46671302167891
0.5072667210898005
0.4168423295467521
0.4511051753802256
0.4881818582384032
0.4841966806982387
0.3774003133886259
0.5196310340734068
0.5538363669101994
0.6524661034822868
0.403639101314258
0.4428286403920392
0.4521938104871323
0.48887745686716005
0.42789546819272667
0.4740592953049431
0.42422801993444237
0.510776052579945
0.4624616776239199
0.501251963097178
0.30667528029118535
0.4552152757292725
0.48285145444032457
0.5426535964141771
0.5512683150285814
0.45352818250133
0.4863748949591349
0.5286406440424191
0.48863010020565784
0.5820001760030687
0.4735242361353131
0.4710759249856101
0.5342603287733974
0.5141322659336852
0.4762022358965546
0.3584693059007588
0.4583344449666355
0.40831744395983804
0.525325364065898
0.34246777532469624
0.44165730549208404
0.51050531430556
0.3668716550215562
0.49909888008722936
0.4603335257738765
0.4270689317546437
0.5229943745467001
0.5264522640467694
0.4294630686978984
0.4310153133044876
0.3768068249727017
0.40854541611415013
0.49525221607658015
0.4087452148368261
0.5012101481005217
0.36144129958653903
0.46215362267158516
0.5033385550309636
0.5104510726492223
0.49914629423521056
0.5117995847454256
0.35802137677137685
0.43618386404589554
0.3802864164501238
0.4434295308992107
0.5174457301197176
0.39902481356196273
0.4331579953454228
0.4139104435881378
0.4583027097856118
0.45951709047583106
0.5388137020014109
0.48657034489332457
0.3423353007924593
0.43207806018477407
0.5887655707166989
0.42985695043156297
0.4433092941242007
0.5079750434249015
